0.039061 0.051608 0.12486 0.0082815 0.18582 0.18416 0.017873 0.055677 0.14834 0.18431
0.10795 0.13511 0.059027 0.16675 0.045836 0.083465 0.039591 0.10353 0.16103 0.097702
0.11145 0.13221 0.07951 0.072625 0.16396 0.026742 0.16293 0.16521 0.0083739 0.076985
0.0040352 0.15706 0.051719 0.10696 0.066752 0.1003 0.16217 0.12848 0.08077 0.14176
0.11893 0.11314 0.1066 0.098165 0.084729 0.17358 0.10061 0.094606 0.058518 0.051125
0.10407 0.21874 0.088111 0.17247 0.062102 0.20354 0.05994 0.027519 0.007197 0.056306
0.068659 0.085893 0.22585 0.058643 0.11205 0.034999 0.11818 0.018569 0.15685 0.12031
0.087155 0.10991 0.10243 0.13175 0.055317 0.14977 0.11509 0.029644 0.10274 0.11619
0.023598 0.080017 0.11306 0.193 0.13538 0.10328 0.015711 0.045638 0.15661 0.13371
0.18653 0.04877 0.12858 0.10993 0.028536 0.11955 0.013231 0.11892 0.19928 0.046673
0.14519 0.061038 0.1611 0.14868 0.033143 0.023391 0.12621 0.12731 0.080073 0.093876
0.18739 0.07404 0.12131 0.13379 0.081493 0.059493 0.060131 0.16497 0.10058 0.016808
