0.12303 0.004163 0.04279 0.066973 0.041416 0.14173 0.092714 0.13622 0.11731 0.05088 0.095418 0.087361
0.11946 0.12815 0.066841 0.085195 0.0714 0.070808 0.049615 0.077382 0.089757 0.043096 0.072864 0.12543
0.14989 0.028833 0.12128 0.11637 0.020921 0.059502 0.0054979 0.018065 0.13521 0.028263 0.18215 0.13401
0.019238 0.093399 0.0092393 0.092722 0.072291 0.1349 0.14242 0.03234 0.12717 0.034177 0.13363 0.10847
0.1451 0.018532 0.022243 0.086215 0.2099 0.10063 0.00059724 0.13596 0.08475 0.085729 0.10071 0.0096338
0.06472 0.11548 0.11259 0.10952 0.071984 0.066253 0.071771 0.041446 0.12125 0.049884 0.099405 0.075696
0.080642 0.13644 0.12379 0.042142 0.086583 0.11685 0.045205 0.093543 0.091861 0.0091235 0.12319 0.05063
0.1038 0.065281 0.0017881 0.11441 0.029693 0.073272 0.072031 0.11074 0.059767 0.091186 0.11657 0.16147
0.023139 0.075958 0.043873 0.12445 0.12715 0.016389 0.11264 0.10623 0.13079 0.10739 0.080944 0.051045
0.14186 0.10323 0.038727 0.15075 0.14108 0.15266 0.054246 0.032252 0.043855 0.08158 0.058889 0.00086445
0.010447 0.13191 0.1275 0.081182 0.031626 0.096629 0.1069 0.064556 0.10004 0.023385 0.10461 0.12121
0.029855 0.016314 0.13605 0.040658 0.080043 0.17917 0.023439 0.081332 0.005516 0.066886 0.17645 0.16429
